24	154	325	0
33	169	301	0
1	22	480	0
9	115	379	0
209	189	105	0
1	36	466	0
1	28	474	0
1	28	474	0
1	28	474	0
1	28	474	0
1	28	474	0
209	191	103	0
9	115	379	0
1	28	474	0
9	115	379	0
1	23	479	0
1	28	474	0
0	25	478	0
17	129	357	0
1	28	474	0
24	154	325	0
33	169	301	0
176	190	137	0
9	115	379	0
17	129	357	0
1	24	478	0
208	191	104	0
9	115	379	0
209	190	104	0
0	12	491	0
33	169	301	0
33	169	301	0
17	129	357	0
9	115	379	0
33	169	301	0
4	77	422	0
1	23	479	0
209	190	104	0
37	137	329	0
33	169	301	0
0	11	492	0
1	28	474	0
33	169	301	0
1	28	474	0
4	77	422	0
1	28	474	0
24	155	324	0
209	190	104	0
209	190	104	0
17	129	357	0
1	36	466	0
1	28	474	0
209	190	104	0
9	115	379	0
1	13	489	0
209	190	104	0
1	28	474	0
209	190	104	0
33	184	286	0
24	154	325	0
223	192	88	0
9	115	379	0
209	190	104	0
9	115	379	0
33	169	301	0
0	15	488	0
9	115	379	0
209	189	105	0
9	115	379	0
160	186	157	0
1	28	474	0
1	30	472	0
1	28	474	0
33	169	301	0
1	30	472	0
209	190	104	0
209	190	104	0
9	115	379	0
24	155	324	0
1	30	472	0
33	169	301	0
33	169	301	0
33	169	301	0
209	190	104	0
33	169	301	0
17	129	357	0
0	12	491	0
0	25	478	0
1	28	474	0
33	169	301	0
9	115	379	0
209	190	104	0
209	190	104	0
0	14	489	0
9	115	379	0
0	12	491	0
33	171	299	0
9	115	379	0
1	30	472	0
33	170	300	0
209	191	103	0
33	170	300	0
33	170	300	0
1	27	475	0
209	191	103	0
209	191	103	0
1	13	489	0
9	114	380	0
1	27	475	0
1	27	475	0
33	170	300	0
9	114	380	0
8	115	380	0
0	14	489	0
33	171	299	0
16	128	359	0
1	27	475	0
0	14	489	0
1	27	475	0
1	27	475	0
209	191	103	0
1	27	475	0
16	127	360	0
186	213	104	0
1	28	474	0
0	11	492	0
1	27	475	0
1	27	475	0
33	171	299	0
8	114	381	0
209	192	102	0
1	12	490	0
16	127	360	0
33	171	299	0
33	171	299	0
1	31	471	0
1	27	475	0
1	27	475	0
1	27	475	0
1	31	471	0
1	28	474	0
33	171	299	0
1	28	474	0
24	156	323	0
0	146	357	0
24	156	323	0
1	31	471	0
209	192	102	0
8	114	381	0
8	114	381	0
8	114	381	0
0	20	483	0
1	25	477	0
209	192	102	0
18	125	360	0
25	358	120	0
25	358	120	0
1	31	471	0
1	31	471	0
1	31	471	0
8	115	380	0
1	31	471	0
228	187	88	0
0	17	486	0
2	25	476	0
24	156	323	0
0	81	422	0
30	172	301	0
7	105	391	0
24	157	321	1
0	13	490	0
30	174	299	0
24	157	322	0
235	182	86	0
30	174	299	0
24	157	322	0
24	157	322	0
18	126	359	0
1	31	470	1
1	23	479	0
228	187	88	0
8	113	382	0
13	149	341	0
1	26	476	0
0	18	485	0
1	28	474	0
0	12	491	0
210	198	95	0
1	28	474	0
21	156	326	0
212	193	98	0
212	193	98	0
1	39	463	0
1	39	463	0
13	123	367	0
13	123	367	0
13	123	367	0
0	11	492	0
13	123	367	0
13	123	367	0
21	158	324	0
1	23	479	0
0	11	492	0
1	28	474	0
211	194	98	0
1	27	475	0
1	28	474	0
56	175	272	0
56	175	272	0
234	191	78	0
1	29	473	0
212	193	98	0
212	193	98	0
56	176	271	0
0	14	489	0
232	193	78	0
56	176	271	0
56	175	272	0
0	12	491	0
211	194	98	0
1	39	463	0
0	11	492	0
10	114	379	0
57	174	272	0
56	175	272	0
0	11	492	0
0	23	480	0
212	193	98	0
26	163	314	0
4	54	445	0
10	114	379	0
26	163	314	0
4	53	446	0
26	163	314	0
1	39	463	0
1	39	463	0
10	114	379	0
10	114	379	0
1	28	474	0
4	53	446	0
1	28	474	0
232	193	78	0
26	163	314	0
211	194	98	0
1	28	474	0
56	176	271	0
4	53	446	0
10	114	379	0
211	194	98	0
4	53	446	0
212	193	98	0
233	192	78	0
9	115	379	0
0	23	480	0
212	193	98	0
4	53	446	0
0	11	492	0
4	55	444	0
1	39	463	0
10	114	379	0
26	161	316	0
1	39	463	0
1	27	475	0
0	11	492	0
209	196	98	0
56	174	273	0
234	191	78	0
26	161	316	0
0	12	491	0
4	53	446	0
56	175	272	0
1	28	474	0
56	175	272	0
4	53	446	0
4	53	446	0
26	162	315	0
1	29	473	0
1	39	463	0
4	53	446	0
0	11	492	0
26	162	315	0
10	114	379	0
212	193	98	0
24	164	315	0
26	162	315	0
10	114	379	0
10	114	379	0
1	29	473	0
56	174	273	0
211	194	98	0
56	174	273	0
232	193	78	0
56	176	271	0
56	176	271	0
56	174	273	0
54	176	273	0
1	39	463	0
4	53	446	0
0	11	492	0
212	193	98	0
26	161	316	0
26	161	316	0
234	191	78	0
1	25	477	0
1	28	474	0
0	11	492	0
1	29	473	0
26	161	316	0
234	192	77	0
10	114	379	0
26	161	316	0
6	90	407	0
0	11	492	0
212	193	98	0
0	11	492	0
213	192	98	0
26	162	315	0
2	35	466	0
0	15	488	0
26	162	315	0
26	162	315	0
6	117	380	0
26	161	316	0
3	63	437	0
218	193	92	0
1	29	473	0
9	114	380	0
234	192	77	0
213	192	98	0
0	14	489	0
9	114	380	0
0	13	490	0
1	14	488	0
1	28	474	0
3	74	426	0
0	11	492	0
26	162	315	0
213	192	98	0
26	163	314	0
23	150	330	0
27	160	316	0
223	196	84	0
30	162	311	0
30	161	312	0
11	139	353	0
203	194	106	0
203	193	107	0
10	130	363	0
1	30	472	0
31	161	311	0
37	179	287	0
37	179	287	0
37	179	287	0
0	14	489	0
10	131	362	0
10	131	362	0
3	93	407	0
0	21	482	0
0	14	489	0
10	134	359	0
1	27	475	0
203	193	107	0
10	131	362	0
1	27	475	0
0	13	490	0
31	162	310	0
10	131	362	0
31	162	310	0
1	27	475	0
1	23	479	0
10	131	362	0
1	13	489	0
2	38	463	0
1	27	475	0
1	27	475	0
203	193	107	0
1	27	475	0
20	143	340	0
1	27	475	0
203	193	107	0
0	13	490	0
1	29	473	0
0	17	486	0
10	131	362	0
10	131	362	0
203	193	107	0
203	193	107	0
203	193	107	0
10	131	362	0
1	30	472	0
1	30	472	0
218	195	90	0
31	162	310	0
1	30	472	0
31	162	310	0
0	14	489	0
203	193	107	0
203	193	107	0
31	162	310	0
1	27	475	0
31	162	310	0
31	162	310	0
1	28	474	0
31	162	310	0
1	31	471	0
1	28	474	0
1	28	474	0
31	162	310	0
10	130	363	0
31	162	310	0
203	193	107	0
1	28	474	0
31	162	310	0
203	193	107	0
0	16	487	0
0	13	490	0
30	163	310	0
30	162	311	0
203	194	106	0
30	163	310	0
10	130	363	0
30	163	310	0
203	197	103	0
203	194	106	0
10	130	363	0
30	163	310	0
10	130	363	0
30	162	311	0
2	22	479	0
30	162	311	0
11	129	363	0
203	194	106	0
203	194	106	0
10	130	363	0
0	21	482	0
30	162	311	0
1	28	474	0
106	194	203	0
1	28	474	0
9	126	368	0
1	28	474	0
6	95	402	0
27	159	317	0
1	28	474	0
90	195	218	0
200	195	108	0
200	195	108	0
1	31	471	0
1	27	475	0
1	33	469	0
1	31	471	0
1	23	479	0
1	34	468	0
0	14	489	0
0	19	484	0
4	92	407	0
199	195	109	0
162	187	154	0
1	31	471	0
1	31	471	0
200	195	108	0
0	13	490	0
195	197	111	0
1	31	471	0
195	197	111	0
31	161	311	0
0	21	482	0
195	197	111	0
0	12	491	0
195	197	111	0
195	197	111	0
11	138	354	0
162	188	153	0
24	158	321	0
195	197	111	0
180	201	122	0
31	161	311	0
31	161	311	0
1	34	468	0
1	31	471	0
1	34	468	0
1	34	468	0
93	197	213	0
195	197	111	0
31	161	311	0
1	31	471	0
1	31	471	0
11	138	354	0
31	161	311	0
31	161	311	0
195	197	111	0
11	138	354	0
31	161	311	0
0	18	485	0
31	161	311	0
11	138	354	0
195	197	111	0
195	197	111	0
195	197	111	0
195	197	111	0
0	11	492	0
30	161	312	0
11	138	354	0
195	197	111	0
31	163	309	0
0	14	489	0
31	163	309	0
0	14	489	0
195	197	111	0
11	136	356	0
11	136	356	0
11	136	356	0
31	163	309	0
194	198	111	0
11	136	356	0
31	163	309	0
195	197	111	0
31	164	308	0
11	136	356	0
31	163	309	0
195	197	111	0
13	146	344	0
195	198	110	0
15	146	342	0
27	159	317	0
1	31	471	0
11	135	357	0
35	160	308	0
0	13	490	0
27	159	317	0
1	31	471	0
26	158	319	0
15	143	345	0
26	156	321	0
26	156	321	0
15	143	345	0
26	156	321	0
0	11	492	0
26	156	321	0
28	156	319	0
0	29	474	0
28	156	319	0
1	29	473	0
26	156	321	0
16	142	345	0
26	156	321	0
28	156	319	0
28	156	319	0
27	155	321	0
1	30	472	0
196	197	110	0
10	97	396	0
15	138	350	0
0	14	489	0
26	156	321	0
26	156	321	0
27	155	321	0
26	156	321	0
32	158	313	0
32	158	313	0
34	158	311	0
29	155	319	0
0	16	487	0
14	132	357	0
32	158	313	0
26	156	321	0
196	197	110	0
26	156	321	0
16	142	345	0
27	155	321	0
25	155	323	0
28	156	319	0
32	158	313	0
32	158	313	0
1	30	472	0
17	140	346	0
34	158	311	0
1	13	489	0
196	197	110	0
26	156	320	1
16	142	345	0
0	31	472	0
26	156	321	0
26	156	321	0
196	197	110	0
26	156	321	0
28	156	319	0
0	14	489	0
28	155	320	0
21	169	313	0
32	158	313	0
32	158	313	0
213	194	96	0
34	157	312	0
26	156	321	0
32	158	313	0
26	156	321	0
32	158	313	0
196	197	110	0
32	158	313	0
28	155	320	0
28	153	322	0
26	154	323	0
26	156	321	0
0	30	473	0
213	194	96	0
0	12	491	0
